80
21137
57
5446
11137
6750
25611
868
12976
13687
4363
20675
24498
14413
3894
21887
6666
23783
7878
17912
9570
30166
12118
23917
29134
3434
21064
5837
16725
1318
11364
26569
18094
18802
10945
12846
8519
28048
32489
24434
23180
17361
9784
23180
18533
17929
133
23561
30976
25152
14853
15453
3026
32682
3179
16503
7128
20442
6996
5272
7971
16434
28643
26980
24467
8094
22440
26426
28899
19586
10951
27585
18405
32496
15702
17859
22287
799
6
25407
21559
