100
21255
26552
25964
25448
17627
3133
14612
5898
18281
12408
15351
26084
24981
9738
1605
8245
6190
15826
18282
4490
15140
12376
7395
19516
4853
25964
19280
20026
617
24330
3531
25352
28799
19329
28537
26376
3751
724
25438
20473
20273
29537
3702
7869
8198
16832
30721
7775
15766
8174
5150
5204
12817
8107
23707
17921
21722
1056
27660
30590
24121
22213
20250
18330
25424
17282
30
3359
20048
21
16623
6487
9964
17075
18167
974
16142
3058
28045
25434
6089
18406
25215
6233
4752
2698
237
3130
17061
27490
20062
2623
29395
17503
19981
5504
13152
22531
7812
24628
